TIME(s): 0:00:00.187498
NB_SAMPLES: 198
NODES: 13 - N0A31N1A30N2A23N3A24N4A1N5A28L6C1L7C0L8C0L9C0L10C0L11C0L12C0NB_MISCLASSIFIED: 41
TIME(s): 0:00:00.008976
NB_SAMPLES: 198
NODES: 13 - N0A15N1A30N2A12N3A10N4A6N5A24N6A17L7C0L8C0L11C0L12C0L13C1L14C0NB_MISCLASSIFIED: 25
