TIME(s): 0:00:00.288228
NB_SAMPLES: 748
NODES: 15 - N0A0N1A1N2A0N3A3N4A3N5A0N6A3L7C0L8C0L9C1L10C0L11C0L12C1L13C0L14C0NB_MISCLASSIFIED: 152
TIME(s): 0:00:00.057844
NB_SAMPLES: 748
NODES: 13 - N0A0N1A1N2A0N3A2N4A3N5A0N6A3L7C0L8C0L11C0L12C1L13C0L14C0NB_MISCLASSIFIED: 130
