TIME(s): 0:00:00.407961
NB_SAMPLES: 198
NODES: 13 - N0A31N1A30N2A23N3A24N4A1N5A28L6C1L7C0L8C0L9C0L10C0L11C0L12C0NB_MISCLASSIFIED: 41
TIME(s): 0:00:00.013963
NB_SAMPLES: 198
NODES: 11 - N0A30N1A24N2A23N3A11N4A4N5A16N6A1L7C0L8C0L11C1L12C0NB_MISCLASSIFIED: 26
