TIME(s): 0:00:00.778915
NB_SAMPLES: 569
NODES: 27 - N0A22N1A27N2A22N3A13N4A21N5A24N6A19N7A21N8A4N9A28L10C1N11A21N12A1N13A0L14C1L15C0L16C0L17C0L18C1L19C0L20C1L23C0L24C1L25C0L26C1L27C0L28C1NB_MISCLASSIFIED: 9
TIME(s): 0:00:00.020981
NB_SAMPLES: 569
NODES: 21 - N0A29N1A23N2A23N3A22N4A26N5A27N6A4N7A13N8A1N9A1L10C1N11A21L12C1L13C0L14C1L15C0L16C0L19C0L20C1L23C0L24C1NB_MISCLASSIFIED: 3
