TIME(s): 0:00:00.008979
NB_SAMPLES: 120
NODES: 7 - N0A3L1C0N2A4N5A0L6C1L11C1L12C0NB_MISCLASSIFIED: 0
TIME(s): 0:00:00.005984
NB_SAMPLES: 120
NODES: 7 - N0A3L1C0N2A1N5A0L6C1L11C1L12C0NB_MISCLASSIFIED: 0
