TIME(s): 0:00:00.572470
NB_SAMPLES: 569
NODES: 15 - N0A22N1A27N2A22N3A13N4A21N5A24N6A19L7C0L8C0L9C0L10C1L11C0L12C1L13C0L14C1NB_MISCLASSIFIED: 18
TIME(s): 0:00:00.031915
NB_SAMPLES: 569
NODES: 13 - N0A20N1A27N2A6N3A12N4A1N5A1N6A10L7C0L8C0L11C0L12C1L13C0L14C1NB_MISCLASSIFIED: 11
