TIME(s): 0:00:00.200463
NB_SAMPLES: 699
NODES: 15 - N0A1N1A5N2A1N3A0N4A0N5A5N6A0L7C0L8C1L9C0L10C1L11C0L12C1L13C1L14C1NB_MISCLASSIFIED: 24
TIME(s): 0:00:00.019911
NB_SAMPLES: 699
NODES: 13 - N0A0N1A1N2A5N3A3N4A4N5A1N6A2L7C0L8C0L11C0L12C1L13C1L14C1NB_MISCLASSIFIED: 14
