TIME(s): 0:00:00.157578
NB_SAMPLES: 1372
NODES: 15 - N0A0N1A1N2A0N3A2N4A0N5A2N6A2L7C1L8C1L9C1L10C0L11C1L12C0L13C1L14C0NB_MISCLASSIFIED: 53
TIME(s): 0:00:00.008975
NB_SAMPLES: 1372
NODES: 13 - N0A1N1A0N2A0N3A2N4A2N5A1L6C0L7C1L8C1L9C1L10C0L11C1L12C1NB_MISCLASSIFIED: 46
