TIME(s): 0:00:00.177526
NB_SAMPLES: 748
NODES: 27 - N0A0N1A1N2A0N3A3N4A3N5A0N6A3N7A3N8A3N9A1N10A1N11A1L12C1N13A3L14C0L15C0L16C0L17C0L18C0L19C1L20C1L21C0L22C0L23C0L24C0L27C0L28C1NB_MISCLASSIFIED: 151
TIME(s): 0:00:00.015957
NB_SAMPLES: 748
NODES: 27 - N0A3N1A0N2A1N3A1N4A3N5A1N6A1N7A3N8A1N9A0N10A0N11A0L12C0N13A0N14A0L15C0L16C1L17C1L18C1L19C0L20C0L21C1L22C0L23C0L24C0L27C0L28C0NB_MISCLASSIFIED: 148
