TIME(s): 0:00:00.167550
NB_SAMPLES: 625
NODES: 15 - N0A0N1A2N2A1N3A1N4A3N5A2N6A2L7C2L8C0L9C2L10C2L11C0L12C2L13C0L14C0NB_MISCLASSIFIED: 191
TIME(s): 0:00:00.051862
NB_SAMPLES: 625
NODES: 13 - N0A0N1A2N2A1N3A1N4A3N5A2N6A2L7C2L8C0L11C0L12C2L13C0L14C0NB_MISCLASSIFIED: 190
