TIME(s): 0:00:00.200464
NB_SAMPLES: 1372
NODES: 29 - N0A0N1A1N2A0N3A2N4A0N5A2N6A2N7A0N8A1N9A2L10C0N11A1N12A3N13A0N14A0L15C1L16C1L17C1L18C0L19C1L20C0L23C1L24C0L25C0L26C0L27C1L28C0L29C0L30C0NB_MISCLASSIFIED: 24
TIME(s): 0:00:00.010972
NB_SAMPLES: 1372
NODES: 21 - N0A1N1A0N2A0N3A2N4A2N5A3L6C0N7A0N8A1N9A0N10A0L11C1L12C0L15C1L16C1L17C1L18C0L19C1L20C0L21C0L22C0NB_MISCLASSIFIED: 15
