TIME(s): 0:00:00.454824
NB_SAMPLES: 1728
NODES: 7 - N0A3L1C1N2A5L5C1N6A0L13C2L14C1NB_MISCLASSIFIED: 360
TIME(s): 0:00:00.387149
NB_SAMPLES: 1728
NODES: 13 - N0A4N1A5N2A3N3A0N4A3L5C1N6A5L7C1L8C1L9C1L10C2L13C1L14C2NB_MISCLASSIFIED: 326
