TIME(s): 0:00:00.057845
NB_SAMPLES: 625
NODES: 31 - N0A0N1A2N2A1N3A1N4A3N5A2N6A2N7A3N8A3N9A1N10A2N11A3N12A3N13A0N14A3L15C1L16C2L17C2L18C0L19C0L20C2L21C2L22C2L23C2L24C0L25C0L26C2L27C0L28C0L29C0L30C0NB_MISCLASSIFIED: 181
TIME(s): 0:00:00.006982
NB_SAMPLES: 625
NODES: 31 - N0A2N1A0N2A3N3A1N4A1N5A0N6A0N7A3N8A3N9A3N10A0N11A1N12A1N13A1N14A1L15C1L16C2L17C2L18C0L19C2L20C0L21C0L22C0L23C0L24C2L25C0L26C0L27C2L28C2L29C2L30C0NB_MISCLASSIFIED: 183
