TIME(s): 0:00:01.770346
NB_SAMPLES: 3196
NODES: 7 - N0A20N1A9L2C1N3A32L4C0L7C1L8C0NB_MISCLASSIFIED: 306
TIME(s): 0:00:02.100386
NB_SAMPLES: 3196
NODES: 11 - N0A9N1A32N2A20N3A31N4A20L5C0L6C1L7C1L8C0L9C0L10C1NB_MISCLASSIFIED: 198
