TIME(s): 0:00:00.015957
NB_SAMPLES: 120
NODES: 7 - N0A3L1C0N2A4N5A0L6C1L11C1L12C0NB_MISCLASSIFIED: 0
TIME(s): 0:00:00.011969
NB_SAMPLES: 120
NODES: 7 - N0A5N1A3N2A4L3C0L4C1L5C0L6C1NB_MISCLASSIFIED: 0
